86,55
86,54
86,53
86,52
86,51
86,50
86,49
86,48
86,47
86,46
86,45
86,44
86,43
86,42
86,41
86,40
86,39
14,8
0,446
86,38
86,37
86,36
86,35
0,456
3,2
3,1
3,3
10,166
10,228
10,164
10,300
10,156
10,224
10,2
10,3
11,12
11,9
11,11
11,22
11,17
11,2
11,3
9,7
9,4
9,1
9,6
9,2
9,3
8,14
8,12
8,11
8,6
8,17
8,8
70,5
70,4
70,3
70,2
70,1
70,0
68,5
68,4
68,3
68,2
68,1
68,0
67,4
67,3
67,2
67,1
67,0
66,3
66,2
66,1
66,0
65,3
65,2
65,1
65,0
64,3
64,2
64,1
64,0
63,4
63,3
63,2
63,1
63,0
62,3
62,2
62,1
62,0
61,3
61,2
61,1
61,0
60,3
60,2
60,1
60,0
59,4
59,3
59,2
59,1
59,0
58,3
58,2
58,1
58,0
57,3
57,2
57,1
57,0
56,4
56,3
56,2
56,1
56,0
20,3
20,2
20,1
